  1   87.6439972
  2   87.6439973
  3   87.6439974
  4   87.6439975
  5   87.6439976
  6   87.6439977
  7   87.6439978
  8   87.6439979
  9   87.6439980
 10   87.6439981
 11   87.6439982
 12   87.6439983
 13   87.6439984
 14   87.6439985
 15   87.6439986
 16   87.6439987
 17   87.6439988
 18   87.6439989
 19   87.6439990
 20   87.6439991
 21   87.6439992
 22   87.6439993
 23   87.6439994
 24   87.6439995
 25   87.6439996
 26   87.6439997
 27   87.6439998
 28   87.6439999
 29   87.6440000
 30   87.6440001
 31   87.6440002
 32   87.6440003
 33   87.6440004
 34   87.6440005
 35   87.6440006
 36   87.6440007
 37   87.6440008
 38   87.6440009
 39   87.6440010
 40   87.6440011
 41   87.6440012
 42   87.6440013
 43   87.6440014
 44   87.6440015
 45   87.6440016
 46   87.6440017
 47   87.6440018
 48   87.6440019
 49   87.6440020
 50   87.6440021
 51   87.6440022
 52   87.6440023
 53   87.6440024
 54   87.6440025
 55   87.6440026
 56   87.6440027
 57   87.6440028
 58   87.6440029
 59   87.6440030
 60   87.6440031
 61   87.6440032
 62   87.6440033
 63   87.6440034
 64   87.6440035
 65   87.6440036
 66   87.6440037
 67   87.6440038
 68   87.6440039
 69   87.6440040
 70   87.6440041
 71   87.6440042
 72   87.6440043
 73   87.6440044
 74   87.6440045
 75   87.6440046
 76   87.6440047
 77   87.6440048
 78   87.6440049
 79   87.6440050
 80   87.6440051
 81   87.6440052
 82   87.6440053
 83   87.6440054
 84   87.6440055
 85   87.6440056
 86   87.6440057
 87   87.6440058
 88   87.6440059
 89   87.6440060
 90   87.6440061
 91   87.6440062
 92   87.6440063
 93   87.6440064
 94   87.6440065
 95   87.6440066
 96   87.6440067
 97   87.6440068
 98   87.6440069
 99   87.6440070
100   87.6440071
101   87.6440072
102   87.6440073
103   87.6440074
104   87.6440075
105   87.6440076
106   87.6440077
107   87.6440078
108   87.6440079
109   87.6440080
110   87.6440081
111   87.6440082
112   87.6440083
113   87.6440084
114   87.6440085
115   87.6440086
116   87.6440087
117   87.6440088
118   87.6440089
119   87.6440090
120   87.6440091
121   87.6440092
122   87.6440093
123   87.6440094
124   87.6440095
125   87.6440096
126   87.6440097
127   87.6440098
128   87.6440099
129   87.6440100
130   87.6440101
131   87.6440102
132   87.6440103
133   87.6440104
134   87.6440105
135   87.6440106
136   87.6440107
137   87.6440108
138   87.6440109
139   87.6440110
140   87.6440111
141   87.6440112
142   87.6440113
143   87.6440114
144   87.6440115
145   87.6440116
146   87.6440117
147   87.6440118
148   87.6440119
149   87.6440120
150   87.6440121
151   87.6440122
152   87.6440123
153   87.6440124
154   87.6440125
155   87.6440126
156   87.6440127
157   87.6440128
158   87.6440129
159   87.6440130
160   87.6440131
161   87.6440132
162   87.6440133
163   87.6440134
164   87.6440135
165   87.6440136
166   87.6440137
167   87.6440138
168   87.6440139
169   87.6440140
170   87.6440141
171   87.6440142
172   87.6440143
173   87.6440144
174   87.6440145
175   87.6440146
176   87.6440147
177   87.6440148
178   87.6440149
179   87.6440150
180   87.6440151
181   87.6440152
182   87.6440153
183   87.6440154
184   87.6440155
185   87.6440156
186   87.6440157
187   87.6440158
188   87.6440159
189   87.6440160
190   87.6440161
191   87.6440162
192   87.6440163
193   87.6440164
194   87.6440165
195   87.6440166
196   87.6440167
197   87.6440168
198   87.6440169
199   87.6440170
200   87.6440171
201   87.6440172
202   87.6440173
203   87.6440174
204   87.6440175
205   87.6440176
206   87.6440177
207   87.6440178
208   87.6440179
209   87.6440180
210   87.6440181
211   87.6440182
212   87.6440183
213   87.6440184
214   87.6440185
215   87.6440186
216   87.6440187
217   87.6440188
218   87.6440189
219   87.6440190
220   87.6440191
221   87.6440192
222   87.6440193
223   87.6440194
224   87.6440195
225   87.6440196
226   87.6440197
227   87.6440198
228   87.6440199
229   87.6440200
230   87.6440201
231   87.6440202
232   87.6440203
233   87.6440204
234   87.6440205
235   87.6440206
236   87.6440207
237   87.6440208
238   87.6440209
239   87.6440210
240   87.6440211
241   87.6440212
242   87.6440213
243   87.6440214
244   87.6440215
245   87.6440216
246   87.6440217
247   87.6440218
248   87.6440219
249   87.6440220
250   87.6440221
251   87.6440222
252   87.6440223
253   87.6440224
254   87.6440225
255   87.6440226
256   87.6440227
257   87.6440228
258   87.6440229
259   87.6440230
260   87.6440231
261   87.6440232
262   87.6440233
263   87.6440234
264   87.6440235
265   87.6440236
266   87.6440237
267   87.6440238
268   87.6440239
269   87.6440240
270   87.6440241
271   87.6440242
272   87.6440243
273   87.6440244
274   87.6440245
275   87.6440246
276   87.6440247
277   87.6440248
278   87.6440249
279   87.6440250
280   87.6440251
281   87.6440252
282   87.6440253
283   87.6440254
284   87.6440255
285   87.6440256
286   87.6440257
287   87.6440258
288   87.6440259
289   87.6440260
290   87.6440261
291   87.6440262
292   87.6440263
293   87.6440264
294   87.6440265
295   87.6440266
296   87.6440267
297   87.6440268
298   87.6440269
299   87.6440270
300   87.6440271